     200
     400
     600
     800
    1000
    1200
    1400
    1600
    1800
    2000
    2200
    2400
    2600
    2800
    3000
    3200
    3400
    3600
    3800
    4000
    4200
    4400
    4600
    4800
    5000
    5200
    5400
    5600
    5800
    6000
    6200
    6400
    6600
    6800
    7000
    7200
    7400
    7600
    7800
    8000
    8200
    8400
    8600
    8800
    9000
    9200
    9400
    9600
    9800
   10000
   10100
   10200
   10300
   10400
   10500
   10600
   10700
   10800
   10900
   11000
   11100
   11200
   11300
   11400
   11500
   11600
   11700
   11800
   11900
   12000
   12100
   12200
   12300
   12400
   12500
   12600
   12700
   12800
   12900
   13000
   13100
   13200
   13300
   13400
   13500
   13600
   13700
   13800
   13900
   14000
   14100
   14200
   14300
   14400
   14500
   14600
   14700
   14800
   14900
   15000
