      50
     100
     150
     200
     250
     300
     350
     400
     450
     500
     550
     600
     650
     700
     750
     800
     850
     900
     950
    1000
    1050
    1100
    1150
    1200
    1250
    1300
    1350
    1400
    1450
    1500
    1550
    1600
    1650
    1700
    1750
    1800
    1850
    1900
    1950
    2000
    2050
    2100
    2150
    2200
    2250
    2300
    2350
    2400
    2450
    2500
    2525
    2550
    2575
    2600
    2625
    2650
    2675
    2700
    2725
    2750
    2775
    2800
    2825
    2850
    2875
    2900
    2925
    2950
    2975
    3000
    3025
    3050
    3075
    3100
    3125
    3150
    3175
    3200
    3225
    3250
    3275
    3300
    3325
    3350
    3375
    3400
    3425
    3450
    3475
    3500
    3525
    3550
    3575
    3600
    3625
    3650
    3675
    3700
    3725
    3750
