      25
      50
      75
     100
     125
     150
     175
     200
     225
     250
     275
     300
     325
     350
     375
     400
     425
     450
     475
     500
     525
     550
     575
     600
     625
     650
     675
     700
     725
     750
     775
     800
     825
     850
     875
     900
     925
     950
     975
    1000
    1025
    1050
    1075
    1100
    1125
    1150
    1175
    1200
    1225
    1250
    1263
    1275
    1288
    1300
    1313
    1325
    1338
    1350
    1363
    1375
    1388
    1400
    1413
    1425
    1438
    1450
    1463
    1475
    1488
    1500
    1513
    1525
    1538
    1550
    1563
    1575
    1588
    1600
    1613
    1625
    1638
    1650
    1663
    1675
    1688
    1700
    1713
    1725
    1738
    1750
    1763
    1775
    1788
    1800
    1813
    1825
    1838
    1850
    1863
    1875
