     128
     256
     384
     512
     640
     768
     896
    1024
    1152
    1280
    1408
    1536
    1664
    1792
    1920
    2048
    2176
    2304
    2432
    2560
    2688
    2816
    2944
    3072
    3200
    3328
    3456
    3584
    3712
    3840
    3968
    4096
    4224
    4352
    4480
    4608
    4736
    4864
    4992
    5120
    5248
    5376
    5504
    5632
    5760
    5888
    6016
    6144
    6272
    6400
    6464
    6528
    6592
    6656
    6720
    6784
    6848
    6912
    6976
    7040
    7104
    7168
    7232
    7296
    7360
    7424
    7488
    7552
    7616
    7680
    7744
    7808
    7872
    7936
    8000
    8064
    8128
    8192
    8256
    8320
    8384
    8448
    8512
    8576
    8640
    8704
    8768
    8832
    8896
    8960
    9024
    9088
    9152
    9216
    9280
    9344
    9408
    9472
    9536
    9600
