      13
      25
      38
      50
      63
      75
      88
     100
     113
     125
     138
     150
     163
     175
     188
     200
     213
     225
     238
     250
     263
     275
     288
     300
     313
     325
     338
     350
     363
     375
     388
     400
     413
     425
     438
     450
     463
     475
     488
     500
     513
     525
     538
     550
     563
     575
     588
     600
     613
     625
     631
     638
     644
     650
     656
     663
     669
     675
     681
     688
     694
     700
     706
     713
     719
     725
     731
     738
     744
     750
     756
     763
     769
     775
     781
     788
     794
     800
     806
     813
     819
     825
     831
     838
     844
     850
     856
     863
     869
     875
     881
     888
     894
     900
     906
     913
     919
     925
     931
     938
