       6
      14
      20
      26
      30
      30
      30
      30
      40
      40
      40
      40
      50
      50
      50
      50
      60
      70
      80
      90
      92
      94
      96
      98
     100
     110
     120
     130
     140
     144
     150
     160
     160
     160
     170
     180
     180
     190
     200
     210
     220
     230
     240
     250
     260
     270
     280
     290
     292
     294
    5888
    6016
    6144
    6272
    6400
    6464
    6528
    6592
    6656
    6720
    6784
    6848
    6912
    6976
    7040
    7104
    7168
    7232
    7296
    7360
    7424
    7488
    7552
    7616
    7680
    7744
    7808
    7872
    7936
    8000
    8064
    8128
    8192
    8256
    8320
    8384
    8448
    8512
    8576
    8640
    8704
    8768
    8832
    8896
    8960
    9024
    9088
    9152
    9154
    9156
