     100
     200
     300
     400
     500
     600
     700
     800
     900
    1000
    1100
    1200
    1300
    1400
    1500
    1600
    1700
    1800
    1900
    2000
    2100
    2200
    2300
    2400
    2500
    2600
    2700
    2800
    2900
    3000
    3100
    3200
    3300
    3400
    3500
    3600
    3700
    3800
    3900
    4000
    4100
    4200
    4300
    4400
    4500
    4600
    4700
    4800
    4900
    5000
    5050
    5100
    5150
    5200
    5250
    5300
    5350
    5400
    5450
    5500
    5550
    5600
    5650
    5700
    5750
    5800
    5850
    5900
    5950
    6000
    6050
    6100
    6150
    6200
    6250
    6300
    6350
    6400
    6450
    6500
    6550
    6600
    6650
    6700
    6750
    6800
    6850
    6900
    6950
    7000
    7050
    7100
    7150
    7200
    7250
    7300
    7350
    7400
    7450
    7500
