       1
       2
       4
       6
       8
      10
      13
      16
      19
      22
      25
      30
      35
      40
      50
      60
      70
      80
      90
     100
     120
     140
     160
     180
     200
     220
     240
     260
     280
     300
     300
     320
     340
     360
     380
     400
     400
     420
     440
     460
     480
     500
     500
     520
     540
     560
     580
     600
     620
     640
     660
     680
     700
     720
     740
     760
     780
     800
     800
     820
     840
     860
     880
     900
     900
     920
     940
     960
     980
    1000
    1000
    1020
    1040
    1060
    1080
    1100
    4352
    4608
    4864
    5120
    5376
    5632
    5888
    6144
    6400
    6656
    6912
    7168
    7424
    7680
    7936
    8192
    8448
    8704
    8960
    9216
    9472
    9728
    9984
   10240
   10496
   10752
   11008
   11264
   11520
   11776
   12032
   12288
   12544
   12800
   12928
   13056
   13184
   13312
   13440
   13568
   13696
   13824
   13952
   14080
   14208
   14336
   14464
   14592
   14720
   14848
   14976
   15104
   15232
   15360
   15488
   15616
   15744
   15872
   16000
   16128
   16256
   16384
   16512
   16640
   16768
   16896
   17024
   17152
   17280
   17408
   17536
   17664
   17792
   17920
   18048
   18176
   18304
   18432
   18560
   18688
   18816
   18944
   19072
   19200
